Documents: ['doc1', 'doc10', 'doc2', 'doc3', 'doc4', 'doc5', 'doc6', 'doc7', 'doc8', 'doc9']
Term         DF     IDF    TF in doc9
python        2   1.6094 0
data          5   0.6931 3
retrieval     2   1.6094 0

TF-IDF matrix: doc1 doc10 doc2 doc3 doc4
analysis       0.000   0.000   0.000   0.000   1.609
applications   0.000   0.000   2.303   0.000   0.000
between        0.000   0.000   0.000   0.000   0.000
build          0.000   0.000   0.000   0.000   0.000
c              0.000   0.000   0.000   0.000   0.000
combines       0.000   0.000   0.000   0.000   0.000
computer       0.000   0.000   0.000   0.000   0.000
computers      0.000   0.000   0.000   0.000   0.000
connect        0.000   0.000   0.000   0.000   0.000
data           0.693   0.000   0.000   0.000   0.693
database       0.000   0.000   0.000   0.000   0.000
decision       0.000   0.000   0.000   2.303   0.000
development    0.000   0.000   1.609   0.000   0.000
devices        0.000   0.000   0.000   0.000   0.000
documents      0.000   1.609   0.000   0.000   0.000
enterprise     0.000   0.000   2.303   0.000   0.000
evaluate       0.000   2.303   0.000   0.000   0.000
evaluation     0.000   2.303   0.000   0.000   0.000
explores       0.000   0.000   0.000   0.000   0.000
game           0.000   0.000   0.000   0.000   0.000
graphics       0.000   0.000   0.000   0.000   0.000
great          2.303   0.000   0.000   0.000   0.000
help           0.000   2.303   0.000   0.000   0.000
index          0.000   0.000   0.000   0.000   0.000
information    0.000   1.609   0.000   0.000   0.000
inverted       0.000   0.000   0.000   0.000   0.000
java           0.000   0.000   1.609   0.000   0.000
learning       1.204   0.000   0.000   1.204   0.000
libraries      0.000   0.000   0.000   0.000   2.303
machine        1.204   0.000   0.000   1.204   0.000
measures       0.000   2.303   0.000   0.000   0.000
networks       0.000   0.000   0.000   1.609   0.000
neural         0.000   0.000   0.000   2.303   0.000
organize       0.000   0.000   0.000   0.000   0.000
pandas         0.000   0.000   0.000   0.000   2.303
patterns       0.000   0.000   0.000   0.000   0.000
precision      0.000   2.303   0.000   0.000   0.000
protocols      0.000   0.000   0.000   0.000   0.000
python         1.609   0.000   0.000   0.000   1.609
queries        0.000   0.000   0.000   0.000   0.000
query          0.000   0.000   0.000   0.000   0.000
ranked         0.000   2.303   0.000   0.000   0.000
recall         0.000   2.303   0.000   0.000   0.000
relevant       0.000   2.303   0.000   0.000   0.000
results        0.000   2.303   0.000   0.000   0.000
retrieval      0.000   1.609   0.000   0.000   0.000
retrieve       0.000   0.000   0.000   0.000   0.000
retrieves      0.000   0.000   0.000   0.000   0.000
science        1.609   0.000   0.000   0.000   0.000
search         0.000   2.303   0.000   0.000   0.000
structured     0.000   0.000   0.000   0.000   0.000
summarizes     0.000   0.000   0.000   0.000   0.000
supports       0.000   0.000   0.000   0.000   2.303
systems        0.000   0.000   0.000   0.000   0.000
tables         0.000   0.000   0.000   0.000   0.000
terms          0.000   0.000   0.000   0.000   0.000
transfer       0.000   0.000   0.000   0.000   0.000
trees          0.000   0.000   0.000   2.303   0.000
using          0.000   0.000   0.000   0.000   0.000
web            0.000   0.000   2.303   0.000   0.000

TF-IDF matrix: doc5 doc6 doc7 doc8 doc9
analysis       0.000   0.000   0.000   0.000   3.219
applications   0.000   0.000   0.000   0.000   0.000
between        0.000   0.000   2.303   0.000   0.000
build          0.000   0.000   0.000   2.303   0.000
c              2.303   0.000   0.000   0.000   0.000
combines       0.000   0.000   0.000   0.000   2.303
computer       0.000   0.000   2.303   0.000   0.000
computers      0.000   0.000   2.303   0.000   0.000
connect        0.000   0.000   2.303   0.000   0.000
data           0.000   1.386   0.693   0.000   2.079
database       0.000   4.605   0.000   0.000   0.000
decision       0.000   0.000   0.000   0.000   0.000
development    1.609   0.000   0.000   0.000   0.000
devices        0.000   0.000   2.303   0.000   0.000
documents      0.000   0.000   0.000   3.219   0.000
enterprise     0.000   0.000   0.000   0.000   0.000
evaluate       0.000   0.000   0.000   0.000   0.000
evaluation     0.000   0.000   0.000   0.000   0.000
explores       0.000   0.000   0.000   0.000   2.303
game           2.303   0.000   0.000   0.000   0.000
graphics       2.303   0.000   0.000   0.000   0.000
great          0.000   0.000   0.000   0.000   0.000
help           0.000   0.000   0.000   0.000   0.000
index          0.000   0.000   0.000   2.303   0.000
information    0.000   0.000   0.000   1.609   0.000
inverted       0.000   0.000   0.000   2.303   0.000
java           1.609   0.000   0.000   0.000   0.000
learning       0.000   0.000   0.000   0.000   1.204
libraries      0.000   0.000   0.000   0.000   0.000
machine        0.000   0.000   0.000   0.000   1.204
measures       0.000   0.000   0.000   0.000   0.000
networks       0.000   0.000   3.219   0.000   0.000
neural         0.000   0.000   0.000   0.000   0.000
organize       0.000   2.303   0.000   0.000   0.000
pandas         0.000   0.000   0.000   0.000   0.000
patterns       0.000   0.000   0.000   0.000   2.303
precision      0.000   0.000   0.000   0.000   0.000
protocols      0.000   0.000   2.303   0.000   0.000
python         0.000   0.000   0.000   0.000   0.000
queries        0.000   2.303   0.000   0.000   0.000
query          0.000   0.000   0.000   2.303   0.000
ranked         0.000   0.000   0.000   0.000   0.000
recall         0.000   0.000   0.000   0.000   0.000
relevant       0.000   0.000   0.000   0.000   0.000
results        0.000   0.000   0.000   0.000   0.000
retrieval      0.000   0.000   0.000   1.609   0.000
retrieve       0.000   2.303   0.000   0.000   0.000
retrieves      0.000   0.000   0.000   2.303   0.000
science        0.000   0.000   0.000   0.000   1.609
search         0.000   0.000   0.000   0.000   0.000
structured     0.000   2.303   0.000   0.000   0.000
summarizes     0.000   0.000   0.000   0.000   2.303
supports       0.000   0.000   0.000   0.000   0.000
systems        0.000   1.609   0.000   1.609   0.000
tables         0.000   4.605   0.000   0.000   0.000
terms          0.000   0.000   0.000   2.303   0.000
transfer       0.000   0.000   2.303   0.000   0.000
trees          0.000   0.000   0.000   0.000   0.000
using          0.000   0.000   1.609   1.609   0.000
web            0.000   0.000   0.000   0.000   0.000
